k 		= 10
2^k 	= 1024
a_10 	= 1.4037264880432293e-07
b_10 	= 0.005265436123651764

k 		= 12
2^k 	= 4096
a_12 	= 1.380881692727095e-06
b_12 	= 0.0057823162380766825

k 		= 14
2^k 	= 16384
a_14 	= 3.302200741948032e-07
b_14 	= 0.005672177491160877

k 		= 16
2^k 	= 65536
a_16 	= 4.135013350311881e-05
b_16 	= 0.00842609833147207

k 		= 18
2^k 	= 262144
a_18 	= 0.00010017853029321971
b_18 	= 0.008556578211366541

k 		= 20
2^k 	= 1048576
a_20 	= 6.141286328158825e-06
b_20 	= 0.008297053364006025

k 		= 25
2^k 	= 33554432
a_25 	= 0.0013478775682398503
b_25 	= 0.03727388148139541

k 		= 30
2^k 	= 1073741824
a_30 	= 0.00015202392086732317
b_30 	= 0.01665307781495409

k 		= 36
2^k 	= 68719476736
a_36 	= 2.0427048777050865e-06
b_36 	= 0.02418670651844368

k 		= 40
2^k 	= 1099511627776
a_40 	= 0.00010795872366556238
b_40 	= 0.01935125026610992

